LandslideSimulationTutorial/IO/input/mesh/DEM.txt
ncols    269
nrows    300
xllcorner    187326
yllcorner    2.97528e+06
cellsize    2
NODATA_value    -9999
[rows 120 to 149 of 300, columns 136 to 203 of 269]
369.699 369.366 368.722 369.729 371.087 370.719 370.212 371.093 370.808 370.943 371.409 370.862 371.114 371.843 372.778 373.732 374.87 375.74 376.766 378.057 379.546 381.246 382.788 384.445 385.863 387.053 388.428 389.777 390.978 392.447 393.756 395.132 396.534 398.457 400.958 404.932 408.838 411.185 413.133 414.276 414.562 414.744 414.938 414.615 414.451 414.208 414.546 414.481 413.935 413.424 413.525 414.127 414.203 414.816 416.311 417.302 417.583 417.308 417.678 419.716 422.19 423.897 427.064 429.493 430.353 430.68 430.665 430.522
367.852 367.895 367.162 367.43 368.498 368.607 368.947 369.708 368.886 368.128 368.257 368.818 370.365 371.243 371.925 372.849 373.943 375.183 376.448 377.845 379.5 381.212 382.828 384.123 385.278 386.38 387.633 389 390.255 391.574 392.84 394.278 395.972 398.122 400.752 405.189 409.228 411.579 413.225 413.693 413.335 413.318 413.224 412.712 412.414 412.556 413.023 413.052 412.513 411.833 411.5 412.17 412.693 413.206 414.261 415.088 415.396 415.205 415.624 418.305 421.381 422.355 425.25 428.757 429.85 430.194 429.997 429.606
366.294 366.515 365.693 365.232 366.1 366.87 367.83 367.971 366.836 366.535 367.105 367.878 369.445 370.43 371.203 372.112 373.494 374.943 376.263 377.699 379.444 381.229 382.525 383.431 384.41 385.496 386.819 388.25 389.5 390.744 391.928 393.464 395.285 397.472 400.474 405.564 409.052 411.199 412.562 412.543 411.72 411.453 411.258 411.014 410.783 410.997 411.484 411.513 411.038 410.199 409.633 409.778 410.637 411.124 411.958 412.718 413.131 413.141 413.93 416.426 419.775 421.32 424.452 428.038 428.84 428.989 428.831 428.465
364.544 364.954 364.303 363.779 364.315 365.493 366.373 365.848 364.918 365.345 366.201 367.205 368.746 369.922 370.845 371.992 373.307 374.581 375.85 377.479 379.198 380.783 381.746 382.522 383.733 384.897 386.163 387.443 388.692 389.947 391.318 392.877 394.669 397.26 400.506 405.106 408.384 410.302 411.42 411.185 410.226 409.626 409.336 409.288 409.102 409.185 409.68 409.633 409.461 408.702 408 407.877 408.47 409.27 410.057 410.824 411.287 411.582 412.99 415.466 418.827 421.087 423.367 426.031 427.458 427.437 426.843 425.538
362.497 363.307 363.05 362.46 362.92 364.055 364.413 363.471 363.134 364.02 365.34 366.501 368.224 369.511 370.481 371.793 373.002 374.22 375.621 377.358 378.651 379.687 380.403 381.485 382.97 384.303 385.468 386.704 388.048 389.55 391.093 392.73 394.766 397.545 401.001 404.554 407.53 409.633 410.237 409.733 408.687 407.739 407.47 407.688 407.581 407.474 407.89 407.936 407.768 406.991 406.33 406.067 406.195 407.293 408.36 409.136 409.353 409.78 411.735 414.95 417.792 420.168 421.754 423.278 423.733 422.413 421.183 420.272
360.033 361.29 361.365 360.155 360.937 362.36 362.271 361.689 362.018 363.063 364.502 365.758 367.407 368.857 369.942 371.265 372.679 373.932 375.37 376.706 377.471 378.305 379.204 380.611 382.378 383.608 384.741 386.036 387.563 389.241 390.963 392.457 394.74 397.851 401.402 404.354 406.953 408.859 409.059 408.27 407.205 406.168 405.707 406.138 406.083 405.827 406.024 406.054 405.472 404.874 404.522 404.365 404.211 405.101 406.562 407.395 407.427 407.775 410.013 413.709 416.419 418.254 419.762 419.889 418.762 416.716 415.478 415.337
357.748 358.019 357.844 356.933 357.719 359.089 359.833 359.811 360.901 362.331 363.777 364.937 366.414 367.938 369.317 370.81 372.083 373.188 374.5 375.38 376.028 377.134 378.387 380.012 381.548 382.84 384.212 385.822 387.348 389.029 390.534 392.002 394.326 397.835 401.297 404.181 406.349 407.988 407.968 407.027 405.912 404.705 404.026 404.409 404.349 404.073 403.863 403.722 403.169 402.776 402.702 402.701 402.488 402.867 404.416 405.808 405.705 405.365 407.875 411.234 412.726 414.718 416.617 416.466 414.557 413.325 412.738 412.414
356.509 355.953 355.393 355.47 356.116 356.521 356.726 357.707 359.434 361.225 362.846 364.236 365.681 367.178 368.742 370.137 370.869 371.792 373.139 373.861 374.639 376.052 377.73 379.22 380.592 382.144 383.808 385.425 387.029 388.61 389.843 391.629 394.074 397.565 401.246 403.949 405.855 407.244 406.893 405.677 404.556 403.291 402.456 402.502 402.584 402.633 402.31 401.666 401.142 400.869 400.944 401.203 400.868 400.8 402.169 403.815 403.921 403.385 404.987 409.306 409.708 411.345 413.066 413.36 412.193 411.67 411.55 410.946
355.219 354.773 354.266 354.751 355.371 355.167 355.212 356.451 358.491 360.5 362.022 363.589 364.898 366.393 368.067 369.165 369.45 370.159 371.161 372.13 373.649 375.249 376.979 378.503 380.034 381.632 383.081 384.69 386.395 387.81 389.158 391.385 394.017 397.198 400.581 403.04 404.932 405.889 405.255 404.202 403.223 402.16 401.165 400.886 400.835 401.005 400.79 400.014 399.317 398.964 399.405 399.811 399.466 399.072 399.88 401.361 401.413 400.512 401.624 408.366 409.418 409.639 410.346 411.471 410.825 410.358 409.781 408.547
353.836 353.524 353.224 353.628 353.786 353.573 354.168 355.775 357.805 359.661 361.2 362.976 364.425 365.687 366.742 367.399 367.894 368.585 369.443 370.967 373.104 374.788 376.415 378.159 379.617 380.865 382.213 383.824 385.441 386.84 388.517 390.987 393.68 396.348 398.907 401.418 403.217 403.962 403.323 402.704 401.912 400.772 399.737 399.058 398.992 399.395 399.44 398.583 397.77 397.351 397.859 398.257 397.86 397.277 397.477 398.428 398.35 397.558 398.767 406.89 411.766 412.349 411.381 409.341 408.378 407.858 406.924 405.371
352.383 352.041 352.072 352.118 351.744 352.116 353.427 355.098 356.78 358.647 360.54 362.466 364.036 364.969 365.494 365.941 366.554 367.333 368.548 370.432 372.438 374.373 376.129 377.545 378.742 379.918 381.441 382.899 384.338 385.918 387.779 390.266 392.856 395.176 397.332 399.606 400.827 401.848 401.839 401.164 400.479 399.329 398.108 397.247 397.144 397.702 397.982 396.972 395.954 395.673 396.11 396.246 395.885 395.497 395.388 395.733 395.717 395.285 396.118 400.922 406.49 408.164 408.362 407.635 406.862 405.862 404.335 402.468
351.121 350.61 350.901 351.028 350.704 351.615 353.064 354.56 355.759 357.371 359.409 361.223 362.786 363.61 364.054 364.541 365.284 366.172 367.539 369.488 371.439 373.222 374.953 376.333 377.482 378.872 380.466 381.915 383.376 385.257 387.139 389.823 392.042 394.094 395.836 397.542 399.008 399.848 399.818 399.325 398.812 397.747 396.554 395.498 395.188 395.901 396.218 395.248 394.311 393.787 393.918 394.124 394.287 394.009 393.351 393.09 393.221 393.197 394.071 396.668 400.341 403.297 405.783 405.988 404.346 402.645 400.674 398.758
349.942 349.437 349.732 350.192 350.242 351.131 352.605 353.945 354.828 355.902 357.77 359.275 360.931 362.018 362.616 363.236 363.952 364.767 366.217 367.93 369.891 371.624 373.482 375.162 376.454 377.93 379.426 381.03 382.752 384.719 386.521 389.092 391.08 392.891 394.409 395.916 397.469 398.336 398.52 398.249 397.501 396.451 395.304 394.34 393.606 394.24 394.713 393.78 392.846 392.14 391.94 392.339 392.834 392.466 391.757 391.512 391.625 391.837 392.802 394.376 396.747 399.527 403.517 402.414 399.732 398.477 397.556 396.293
348.517 348.262 348.634 349.279 349.703 350.697 351.97 353.133 354.115 355.431 356.983 358.219 359.488 360.614 361.28 361.773 362.535 363.487 364.859 366.305 368.215 370.144 372.075 373.859 375.398 377.136 378.81 380.48 382.289 383.909 385.884 388.22 390.216 391.877 393.331 395.063 396.342 396.938 397.214 396.945 396.195 395.303 394.167 393.039 392.08 392.531 393.166 392.333 391.272 390.494 390.217 390.672 391.039 390.987 390.428 389.912 390.054 390.311 391.278 392.745 395.033 396.429 397.781 397.8 396.896 396.195 395.372 394.289
347.164 346.89 347.026 347.875 349.092 350.228 351.25 352.376 353.791 355.247 356.57 357.55 358.349 359.042 359.707 360.387 361.272 362.291 363.519 364.884 366.653 368.623 370.768 372.519 374.462 376.254 378.081 379.828 381.565 383.271 385.386 387.483 389.366 391.129 392.655 394.193 395.061 395.275 395.882 395.723 394.897 393.905 392.723 391.722 390.864 390.847 391.314 390.617 389.549 388.758 388.549 388.969 389.393 389.354 388.718 387.906 388.232 388.635 389.467 389.956 391.862 393.283 393.664 393.829 393.533 392.992 392.495 392.141
345.913 344.949 345.181 346.195 347.977 349.48 350.728 352.117 353.701 355.039 355.968 356.639 357.278 357.656 358.208 359.075 359.993 361.019 362.211 363.28 364.736 366.868 369.402 371.324 373.366 375.296 377.254 379.152 381.035 382.887 384.872 386.598 388.463 390.507 392.148 393.386 394.132 394.423 394.78 394.441 393.626 392.626 391.731 391.014 389.768 389.056 389.164 388.854 388.049 387.298 387.068 387.284 387.682 387.784 387.203 386.603 386.645 386.901 387.36 387.227 387.604 388.058 388.059 388.085 388.677 388.805 389.199 389.451
344.084 343.075 343.726 345.357 347.336 349.297 350.834 352.255 353.6 354.492 355.046 355.495 356.171 356.376 356.765 357.708 358.876 359.972 360.967 361.821 363.361 365.61 367.969 370.321 372.479 374.652 376.861 378.738 380.749 382.665 384.479 386.041 387.89 389.757 391.456 392.477 393.197 393.088 392.956 392.637 392.397 391.805 390.97 390.028 388.656 387.576 387.433 387.309 386.601 385.911 385.652 385.774 385.988 386.086 385.648 385.035 384.767 384.817 384.846 384.275 383.74 384.02 384.508 384.975 385.438 385.908 386.548 387.038
342.317 342.02 343.269 345.504 347.877 349.69 351.189 352.404 353.341 353.823 354.111 354.525 355.099 355.174 355.769 356.903 358.033 359.1 359.937 360.977 363.049 365.432 367.629 370.025 372.49 374.996 377.225 378.988 380.913 382.783 384.492 386.127 387.767 389.111 390.3 391.414 392.047 391.587 391.006 390.937 391.131 390.711 389.801 389.01 387.017 385.703 385.721 385.766 385.11 384.496 384.081 384.091 384.416 384.563 383.947 383.242 382.27 381.352 380.888 380.455 380.255 381.281 382.007 383.033 384.186 384.665 385 385.645
341.188 341.517 343.33 345.551 347.818 349.44 350.797 351.901 352.616 352.866 353.054 353.523 353.827 353.782 354.352 355.625 356.924 357.888 358.887 360.591 362.732 365.043 367.253 369.887 372.58 375.372 377.565 379.231 380.997 382.715 384.285 385.701 386.767 387.722 388.684 390.133 391.019 390.251 389.728 389.866 390.091 389.758 389.087 387.957 384.527 383.501 383.794 384.034 383.394 382.989 382.601 382.28 382.544 382.643 381.753 380.961 379.485 377.512 376.604 376.692 377.425 378.591 379.971 381.553 382.913 383.587 383.785 384.758
340.294 340.992 343.432 345.933 347.571 348.834 350.242 351.398 351.828 351.902 352.175 352.574 352.531 352.475 353.289 354.477 355.705 356.668 358.086 360.166 362.158 364.31 366.68 369.595 372.063 374.674 377.121 378.858 380.657 382.111 383.222 384.543 385.451 386.587 387.318 387.862 388.613 388.578 388.525 388.947 389.21 388.974 388.376 385.533 382.286 381.596 382.061 382.28 381.964 381.678 381.167 380.608 380 379.696 379.031 378.064 376.545 375.188 374.708 374.927 376.101 377.485 378.868 380.173 381.8 382.702 382.81 384.85
339.287 340.491 343.387 345.998 347.19 348.015 349.466 350.457 350.817 350.881 351.3 351.393 351.156 351.347 352.234 353.414 354.693 355.896 357.446 359.421 361.647 363.649 366.041 368.71 370.887 373.166 375.647 377.964 379.672 380.658 381.731 383.091 384.378 385.651 386.099 386.053 386.375 387.173 387.794 388.415 388.738 388.313 386.905 382.602 380.367 380.022 380.375 380.733 380.537 380.479 379.729 378.304 377.667 377.599 376.997 375.785 374.49 373.997 373.607 373.763 375.145 376.954 378.358 379.396 380.955 382.049 382.955 385.55
338.485 340.265 342.93 345.084 345.61 345.83 347.485 348.92 349.478 349.455 349.577 349.596 349.704 350.217 350.989 352.487 354.201 355.679 357.159 358.768 360.737 362.778 365.069 367.685 369.509 371.589 374.111 376.325 378.055 378.881 380.259 381.781 383.433 384.68 385.21 385.165 385.39 386.339 387.557 388.21 388.066 387.138 383.868 379.844 378.586 378.43 378.675 379.103 379.02 378.93 377.808 376.446 376.284 376.335 375.57 374.303 373.23 372.61 372.342 372.639 374.223 376.549 378.194 379.217 380.66 382.129 383.438 385.183
337.809 339.572 341.649 342.605 342.427 342.466 344.284 346.306 347.638 347.786 347.745 347.865 348.38 349.199 350.255 351.935 353.648 355.089 356.584 358.059 359.605 361.521 363.91 366.433 368.165 369.89 372.349 374.443 376.16 377.494 378.903 380.552 382.595 383.971 384.503 384.723 385.151 386.097 387.151 387.663 387.221 385.843 381.076 377.408 377.122 376.918 377.075 377.413 377.438 377.136 375.978 375.457 375.489 375.398 374.526 373.347 372.345 371.615 371.244 371.432 373.103 375.821 377.695 378.832 380.335 382.087 383.254 384.043
336.631 337.787 339.722 340.155 340.181 340.375 341.38 342.773 344.819 345.881 346.081 346.474 347.221 348.432 349.835 351.367 352.847 354.258 355.689 357.09 358.587 360.265 362.196 364.349 366.073 367.87 370.358 372.182 374.309 376.32 377.951 379.603 381.562 383.094 383.8 384.114 384.907 385.675 386.36 386.646 386 383.556 379.456 376.859 376.249 375.707 375.523 375.812 375.717 375.343 374.778 374.706 374.674 374.074 373.329 372.338 371.431 370.758 370.343 370.3 371.633 374.986 377.071 378.203 379.623 381.158 382.439 382.988
334.556 335.22 336.982 337.851 338.211 338.542 339.459 340.538 342.075 343.559 344.115 345.171 346.342 347.771 349.332 350.718 352.121 353.5 354.812 356.263 357.878 359.311 360.663 362.127 363.58 365.217 367.947 370.07 372.838 375.47 377.029 378.199 379.912 381.676 382.341 383.018 384.433 385.109 385.585 385.704 384.966 381.507 377.983 376.33 375.584 374.629 374.017 374.173 374.081 373.811 373.725 373.85 373.53 372.776 372.031 371.246 370.458 369.842 369.413 369.446 370.293 373.384 376.152 377.352 378.458 379.758 380.745 381.362
332.46 333.067 334.621 335.754 336.167 336.573 337.433 338.528 339.879 341.157 342.106 344.035 345.521 347.006 348.669 350.031 351.346 352.549 353.845 355.519 357.094 358.422 359.639 360.901 362.231 363.495 365.823 368.721 371.651 374.37 375.768 376.607 378.139 380.009 380.535 381.573 383.328 384.404 384.967 384.985 383.733 379.844 377.508 376.052 374.554 373.097 372.501 372.472 372.438 372.395 372.554 372.607 371.965 371.182 370.538 369.947 369.252 368.825 368.666 368.693 369.309 371.458 374.608 376.152 377.265 378.311 379.188 379.797
331.66 332.059 333.098 334.001 334.543 334.972 335.887 337.221 338.61 340.112 341.585 343.387 344.867 346.196 347.743 349.191 350.536 351.629 352.881 354.521 356.077 357.352 358.731 360.047 361.538 363.045 364.805 367.638 370.532 372.813 374.248 375.405 376.923 378.64 379.354 380.691 382.391 383.56 384.162 383.819 381.122 378.259 377.004 375.581 373.188 371.712 371.225 370.911 370.878 370.754 370.662 370.454 370.007 369.638 369.188 368.777 368.29 368.038 368.045 368.083 368.521 370.634 373.191 374.961 376.249 377.266 377.864 378.312
331.152 331.204 331.588 332.213 333.019 334.036 335.451 336.834 338.275 339.868 341.374 342.836 344.148 345.446 346.915 348.238 349.844 351.093 352.497 353.94 355.295 356.569 357.998 359.479 361.005 362.544 364.198 366.234 368.978 371.436 372.937 374.488 376.015 377.459 378.277 379.807 381.567 382.829 383.095 381.991 379.062 377.292 376.15 374.503 372.355 371.005 370.29 369.748 369.454 369.087 368.813 368.765 368.657 368.34 368.171 367.87 367.485 367.399 367.365 367.48 368.236 370.516 372.449 373.84 374.988 375.875 376.429 377.178
330.547 330.11 330.162 330.897 332.047 333.618 335.062 336.116 337.521 339.307 340.983 342.402 343.608 344.851 346.228 347.545 349.308 351.141 352.423 353.552 354.724 355.904 357.529 359.001 360.638 362.186 363.714 365.7 367.711 370.141 372.134 373.958 375.373 376.331 377.01 379.131 380.671 381.979 382.169 380.002 377.865 376.503 375.092 373.461 371.528 370.457 369.501 368.837 368.268 367.736 367.44 367.701 367.851 367.722 367.631 367.135 366.637 366.501 366.472 366.841 367.928 370.141 372.023 373.017 373.789 374.595 375.433 376.342
329.786 328.79 329.095 330.148 331.526 333.034 334.066 335.114 336.654 338.675 340.891 342.493 343.547 344.752 345.988 347.146 348.712 350.881 352.415 353.344 354.286 355.484 356.977 358.556 360.341 361.924 363.389 365.333 367.041 368.969 371.13 373.204 374.565 375.199 375.831 378.379 379.737 380.638 380.823 378.587 376.945 375.631 374.221 372.441 371.057 369.999 368.908 368.111 367.47 367.061 366.657 366.859 367.666 367.739 367.027 366.135 365.766 365.857 366.245 366.712 367.627 369.811 371.395 372.024 372.678 373.695 374.423 375.135
