LandslideSimulationTutorial/IO/input/mesh/DEM.txt
ncols    269
nrows    300
xllcorner    187326
yllcorner    2.97528e+06
cellsize    2
NODATA_value    -9999
[rows 0 to 29 of 300, columns 136 to 203 of 269]
-9999 -9999 -9999 -9999 -9999 -9999 -9999 -9999 -9999 -9999 -9999 -9999 -9999 -9999 -9999 -9999 -9999 -9999 -9999 -9999 -9999 -9999 -9999 -9999 -9999 -9999 -9999 -9999 -9999 -9999 -9999 -9999 -9999 -9999 -9999 -9999 -9999 -9999 -9999 -9999 -9999 -9999 -9999 -9999 -9999 -9999 -9999 -9999 -9999 -9999 -9999 -9999 -9999 -9999 -9999 -9999 -9999 -9999 -9999 -9999 -9999 -9999 -9999 -9999 -9999 -9999 -9999 -9999
-9999 -9999 -9999 -9999 -9999 -9999 -9999 -9999 -9999 -9999 -9999 -9999 -9999 -9999 -9999 -9999 -9999 -9999 -9999 -9999 -9999 -9999 -9999 -9999 -9999 -9999 -9999 -9999 -9999 -9999 -9999 -9999 -9999 -9999 -9999 -9999 -9999 -9999 -9999 -9999 -9999 -9999 -9999 -9999 -9999 -9999 -9999 -9999 -9999 -9999 -9999 -9999 -9999 -9999 -9999 -9999 -9999 -9999 -9999 -9999 -9999 -9999 -9999 -9999 -9999 -9999 -9999 -9999
-9999 -9999 -9999 -9999 -9999 -9999 -9999 -9999 -9999 -9999 -9999 -9999 -9999 -9999 -9999 -9999 -9999 -9999 -9999 -9999 -9999 -9999 -9999 -9999 -9999 -9999 -9999 -9999 -9999 -9999 -9999 -9999 -9999 -9999 -9999 -9999 -9999 -9999 -9999 -9999 -9999 -9999 -9999 -9999 531.348 533.222 -9999 -9999 -9999 -9999 -9999 -9999 -9999 -9999 -9999 -9999 -9999 -9999 -9999 -9999 -9999 -9999 -9999 -9999 -9999 -9999 -9999 -9999
-9999 -9999 -9999 -9999 -9999 -9999 -9999 -9999 -9999 -9999 -9999 -9999 -9999 -9999 -9999 -9999 -9999 -9999 -9999 -9999 -9999 -9999 -9999 -9999 -9999 -9999 -9999 -9999 -9999 -9999 -9999 -9999 -9999 -9999 -9999 -9999 -9999 -9999 -9999 -9999 -9999 -9999 526.378 527.24 528.2 529.388 530.999 532.016 531.622 -9999 -9999 -9999 -9999 -9999 -9999 -9999 -9999 -9999 -9999 -9999 -9999 -9999 -9999 -9999 -9999 -9999 -9999 -9999
-9999 -9999 -9999 -9999 -9999 -9999 -9999 -9999 -9999 -9999 -9999 -9999 -9999 -9999 -9999 -9999 -9999 -9999 -9999 -9999 -9999 -9999 -9999 -9999 -9999 -9999 -9999 -9999 -9999 -9999 -9999 -9999 -9999 -9999 -9999 -9999 -9999 -9999 -9999 -9999 -9999 524.336 524.644 525.003 525.467 526.146 527.571 529.219 529.656 526.216 -9999 -9999 -9999 -9999 -9999 -9999 -9999 -9999 -9999 -9999 -9999 -9999 -9999 -9999 -9999 -9999 -9999 -9999
-9999 -9999 -9999 -9999 -9999 -9999 -9999 -9999 -9999 -9999 -9999 -9999 -9999 -9999 -9999 -9999 -9999 -9999 -9999 -9999 -9999 -9999 -9999 -9999 -9999 -9999 -9999 -9999 -9999 -9999 -9999 -9999 -9999 -9999 -9999 -9999 -9999 -9999 -9999 523.376 523.455 523.421 523.408 523.387 523.609 524.122 525.036 526.292 526.999 524.223 523.127 524.577 -9999 -9999 -9999 -9999 -9999 -9999 -9999 -9999 -9999 -9999 -9999 -9999 -9999 -9999 -9999 -9999
-9999 -9999 -9999 -9999 -9999 -9999 -9999 -9999 -9999 -9999 -9999 -9999 -9999 -9999 -9999 -9999 -9999 -9999 -9999 -9999 -9999 -9999 -9999 -9999 -9999 -9999 -9999 -9999 -9999 -9999 -9999 -9999 -9999 -9999 -9999 -9999 -9999 -9999 522.37 523.041 523.073 522.971 523.087 522.156 522.073 522.922 523.251 523.131 522.733 522.507 523.204 524.684 526.036 526.69 -9999 -9999 -9999 -9999 -9999 -9999 -9999 -9999 -9999 -9999 -9999 -9999 -9999 -9999
-9999 -9999 -9999 -9999 -9999 -9999 -9999 -9999 -9999 -9999 -9999 -9999 -9999 -9999 -9999 -9999 -9999 -9999 -9999 -9999 -9999 -9999 -9999 -9999 -9999 -9999 -9999 -9999 -9999 -9999 -9999 -9999 -9999 -9999 -9999 -9999 519.778 520.8 521.759 522.468 522.835 522.953 523.12 522.179 521.928 522.584 522.768 522.877 522.943 522.646 524.144 525.11 525.692 526.237 526.472 526.666 -9999 -9999 -9999 -9999 -9999 -9999 -9999 -9999 -9999 -9999 -9999 -9999
-9999 -9999 -9999 -9999 -9999 -9999 -9999 -9999 -9999 -9999 -9999 -9999 -9999 -9999 -9999 -9999 -9999 -9999 -9999 -9999 -9999 -9999 -9999 -9999 -9999 -9999 -9999 -9999 -9999 -9999 -9999 -9999 -9999 -9999 -9999 518.089 519.4 520.319 521.061 521.945 522.886 523.144 522.97 522.726 522.697 522.785 522.706 522.748 523.511 523.654 523.792 524.207 524.903 525.302 525.359 525.442 525.814 526.878 -9999 -9999 -9999 -9999 -9999 -9999 -9999 -9999 -9999 -9999
-9999 -9999 -9999 -9999 -9999 -9999 -9999 -9999 -9999 -9999 -9999 -9999 -9999 -9999 -9999 -9999 -9999 -9999 -9999 -9999 -9999 -9999 -9999 -9999 -9999 -9999 -9999 -9999 -9999 -9999 -9999 -9999 -9999 515.93 516.444 517.623 519.209 519.981 520.447 521.529 523.081 523.565 522.489 523.001 523.693 523.392 522.644 521.799 521.687 523.414 522.932 523.047 523.476 523.976 524.361 524.426 525.147 525.987 526.84 527.182 -9999 -9999 -9999 -9999 -9999 -9999 -9999 -9999
-9999 -9999 -9999 -9999 -9999 -9999 -9999 -9999 -9999 -9999 -9999 -9999 -9999 -9999 -9999 -9999 -9999 -9999 -9999 -9999 -9999 -9999 -9999 -9999 -9999 -9999 -9999 -9999 -9999 -9999 -9999 -9999 514.871 515.333 515.666 516.879 518.342 519.248 519.739 520.756 522.657 524.723 522.737 522.708 524.624 524.242 522.413 520.876 519.798 520.9 521.671 521.764 522.514 522.937 523.357 523.82 524.646 525.309 525.779 525.881 525.588 525.148 -9999 -9999 -9999 -9999 -9999 -9999
-9999 -9999 -9999 -9999 -9999 -9999 -9999 -9999 -9999 -9999 -9999 -9999 -9999 -9999 -9999 -9999 -9999 -9999 -9999 -9999 -9999 -9999 -9999 -9999 -9999 -9999 -9999 -9999 -9999 -9999 -9999 513.873 514.381 514.75 514.859 515.996 517.188 517.959 518.445 519.11 519.877 522.028 522.932 521.203 522.924 522.868 521.637 520.167 519.371 519.856 520.725 521.453 521.906 522.206 522.44 523.169 524.005 524.522 524.677 524.507 524.049 523.486 522.909 -9999 -9999 -9999 -9999 -9999
-9999 -9999 -9999 -9999 -9999 -9999 -9999 -9999 -9999 -9999 -9999 -9999 -9999 -9999 -9999 -9999 -9999 -9999 -9999 -9999 -9999 -9999 -9999 -9999 -9999 -9999 -9999 -9999 -9999 511.577 512.622 513.418 513.982 514.278 514.705 515.821 516.323 516.585 517.066 517.395 517.983 519.054 519.52 519.993 521.57 521.204 520.397 519.236 519.205 520.075 520.859 521.089 521.221 521.318 521.619 522.342 523.15 523.58 523.552 523.163 522.487 521.739 521.029 520.372 519.743 519.123 -9999 -9999
-9999 -9999 -9999 -9999 -9999 -9999 -9999 -9999 -9999 -9999 -9999 -9999 -9999 -9999 -9999 -9999 -9999 -9999 -9999 -9999 -9999 -9999 -9999 -9999 -9999 -9999 -9999 508.392 509.628 511.32 512.239 512.966 513.655 513.852 514.135 514.975 515.494 515.658 515.998 516.472 516.934 517.826 518.515 519.412 519.907 519.831 519.306 518.488 518.73 519.642 520.337 520.441 520.457 520.576 520.869 521.547 522.396 522.811 522.694 522.079 521.072 520.037 519.16 518.432 517.799 517.23 516.629 515.95
-9999 -9999 -9999 -9999 -9999 -9999 -9999 -9999 -9999 -9999 -9999 -9999 -9999 -9999 -9999 -9999 -9999 -9999 -9999 -9999 -9999 -9999 -9999 -9999 -9999 -9999 508.048 508.225 509.164 510.783 511.831 512.562 513.253 513.307 513.427 514.21 514.676 514.833 515.1 515.616 516.054 516.719 516.608 518.179 518.639 518.52 518.432 518.166 518.244 518.766 519.328 519.647 519.763 519.944 520.368 521 521.985 522.531 522.48 521.505 519.97 518.538 517.46 516.669 516.042 515.532 515.027 514.474
-9999 -9999 -9999 -9999 -9999 -9999 -9999 -9999 -9999 -9999 -9999 -9999 -9999 -9999 -9999 -9999 -9999 -9999 -9999 -9999 -9999 -9999 -9999 -9999 510.175 509.151 508.783 508.881 509.154 509.885 511.15 511.964 512.425 512.654 512.956 513.471 513.746 514.22 514.629 514.967 515.252 515.735 515.064 516.108 516.967 517.15 517.481 517.667 517.75 518.112 518.493 518.784 518.998 519.215 519.775 520.537 521.647 522.28 522.279 521.017 519.003 517.157 515.878 515.031 514.421 513.98 513.572 513.148
-9999 -9999 -9999 -9999 -9999 -9999 -9999 -9999 -9999 -9999 -9999 -9999 -9999 -9999 -9999 -9999 -9999 -9999 -9999 -9999 -9999 -9999 -9999 508.87 509.374 509.536 509.508 509.553 509.243 509.195 510.046 511.18 511.701 512.127 512.526 512.892 513.07 513.67 514.085 514.281 514.42 514.611 514.345 514.721 515.382 515.747 516.251 516.823 517.114 517.377 517.745 517.938 518.006 518.393 519.12 520.052 521.093 521.713 521.619 520.31 518.031 515.893 514.459 513.567 512.985 512.622 512.309 512.007
-9999 -9999 -9999 -9999 -9999 -9999 -9999 -9999 -9999 -9999 -9999 -9999 -9999 -9999 -9999 -9999 -9999 -9999 -9999 -9999 -9999 505.96 506.172 507.317 507.853 509.086 510.133 509.662 508.425 508.438 509.29 510.611 510.965 511.55 511.937 512.361 512.636 512.972 513.324 513.393 513.561 513.732 513.796 513.933 514.212 514.489 514.947 515.929 516.531 516.73 516.854 516.707 516.801 517.366 518.132 519.199 520.286 520.971 520.877 519.529 517.04 514.697 513.151 512.231 511.688 511.411 511.199 511.018
-9999 -9999 -9999 -9999 -9999 -9999 -9999 -9999 -9999 -9999 -9999 -9999 -9999 -9999 -9999 -9999 -9999 -9999 -9999 -9999 505.624 504.715 504.745 505.775 506.458 507.464 509.179 508.312 507.462 507.638 508.368 509.491 510.216 510.833 511.202 511.823 512.115 512.425 512.814 512.726 512.696 512.936 513.167 513.199 513.178 513.41 514.169 515.389 515.826 516.068 515.903 515.645 515.969 516.428 517.116 518.163 519.338 520.205 520.168 518.786 516.106 513.581 511.955 511.033 510.541 510.354 510.256 510.218
-9999 -9999 -9999 -9999 -9999 -9999 -9999 -9999 -9999 -9999 -9999 -9999 -9999 -9999 -9999 -9999 -9999 -9999 506.065 505.596 504.726 503.861 502.957 501.817 503.692 505.622 506.13 506.578 506.481 506.89 507.745 508.709 509.699 510.128 510.348 510.964 511.626 512.053 512.249 511.964 511.885 512.291 512.596 512.611 512.347 512.415 513.145 514.462 514.972 515.232 514.9 514.99 515.432 515.696 516.17 517.079 518.191 519.12 519.358 517.974 515.163 512.527 510.885 510.005 509.579 509.475 509.484 509.607
-9999 -9999 -9999 -9999 -9999 -9999 -9999 -9999 -9999 -9999 -9999 -9999 -9999 -9999 -9999 -9999 -9999 505.124 504.789 504.328 503.615 502.659 501.448 500.332 502.644 504.443 504.977 505.33 505.407 506.106 507.061 508.115 509.227 509.54 509.731 510.245 511.118 511.61 511.522 511.123 511.276 511.654 511.986 511.939 511.729 511.871 512.376 513.336 513.943 513.963 514.203 514.434 514.852 515.062 515.529 516.273 517.356 518.062 518.045 516.613 513.909 511.44 509.966 509.251 508.961 508.879 508.876 508.986
-9999 -9999 -9999 -9999 -9999 -9999 -9999 -9999 -9999 -9999 -9999 -9999 -9999 -9999 -9999 503.782 503.717 503.351 503.21 503.008 502.583 501.191 500.017 501.558 503.182 503.645 504.03 504.287 504.394 505.201 506.296 507.701 508.728 509.013 509.132 509.51 510.153 510.614 510.611 510.344 510.513 511.024 511.377 511.19 510.976 511.357 511.764 512.24 512.671 512.707 513.231 513.496 513.755 513.99 515.06 515.859 517.036 517.303 516.451 514.714 512.332 510.349 509.227 508.888 509.067 508.788 508.453 508.363
-9999 -9999 -9999 -9999 -9999 -9999 -9999 -9999 -9999 -9999 -9999 -9999 -9999 -9999 499.147 500.48 500.339 500.999 501.842 501.994 501.529 500.196 499.057 502.285 503.133 503.017 503.209 503.313 503.558 504.387 505.896 507.507 508.183 508.327 508.334 508.675 509.13 509.526 509.521 509.753 509.997 510.409 510.674 510.45 510.343 510.634 510.873 510.926 511.191 511.602 512.298 512.508 512.189 512.026 513.683 515.872 517.371 517.253 515.189 513.063 510.848 509.397 508.645 508.318 508.409 508.318 507.908 507.73
-9999 -9999 -9999 -9999 -9999 -9999 -9999 -9999 -9999 -9999 -9999 -9999 495.24 496.068 495.247 494.74 495.335 497.216 500.293 500.652 499.898 499.309 498.637 501.712 502.507 502.117 501.757 502.034 502.605 503.438 504.91 507.014 507.769 507.68 507.617 507.901 508.288 508.67 508.756 509.131 509.455 509.905 509.863 509.544 509.577 509.684 509.786 509.93 510.144 510.388 510.863 510.909 510.209 509.87 511.351 514.81 517.561 517.402 515.285 514.146 510.487 507.5 506.242 506.035 506.879 507.194 507.182 507.181
-9999 -9999 -9999 -9999 -9999 -9999 -9999 -9999 -9999 -9999 -9999 492.38 492.644 492.484 490.777 490.618 492.836 495.838 497.296 496.506 497.516 499.084 500.98 501.516 501.54 500.856 500.405 500.897 501.724 502.5 503.679 505.754 506.656 506.693 506.817 507.162 507.464 507.731 507.987 508.467 508.685 508.833 508.756 508.686 508.584 508.683 508.932 509.226 509.147 508.901 509.005 508.913 508.553 507.977 507.785 509.472 512.979 515.179 513.885 512.764 507.439 503.551 502.195 502.559 504.604 505.848 506.273 506.343
-9999 -9999 -9999 -9999 -9999 -9999 -9999 -9999 -9999 -9999 489.189 489.649 490.026 488.794 489.328 489.262 491.896 493.251 492.922 493.35 495.206 496.987 500.431 501.066 500.614 499.707 499.311 499.806 500.838 501.409 502.368 503.665 504.781 505.509 505.768 506.219 506.381 506.589 506.869 507.562 507.695 507.556 507.703 507.76 507.716 507.763 508.089 508.303 507.928 507.479 507.496 507.351 506.677 505.886 505.11 504.832 505.555 507.636 507.391 505.506 502.705 501.309 500.583 500.799 502.05 503.181 504.13 504.417
-9999 -9999 -9999 -9999 -9999 -9999 -9999 -9999 487.773 485.56 484.422 486.454 489.986 490.964 490.092 488.231 490.954 490.006 489.719 491.114 493.967 495.77 498.979 500.08 499.304 498.515 498.456 498.932 499.872 500.379 501.07 502.176 503.305 504.198 504.659 505.085 505.203 505.398 505.716 506.184 506.466 506.453 506.426 506.469 506.747 506.95 507.209 507.225 506.681 506.282 506.207 505.795 504.88 504.146 503.429 502.741 502.948 503.442 503.42 501.8 500.424 499.755 499.611 499.724 500.088 500.616 501.668 502.198
-9999 -9999 -9999 -9999 -9999 -9999 482.688 482.313 482.687 482.28 482.135 484.047 488.68 491.826 490.194 486.638 485.787 486.355 487.104 489.011 492.741 494.945 497.53 498.158 497.445 497.123 497.782 498.2 498.779 499.3 499.807 500.769 502.139 502.984 503.27 503.6 503.97 504.433 504.587 504.691 505.269 505.421 505.174 505.309 505.772 505.917 506.042 505.916 505.37 505.071 504.91 504.39 503.553 502.83 502.098 501.278 500.911 501.041 501.101 499.859 499.164 499.082 499.001 499.114 499.275 500.198 500.982 500.716
-9999 -9999 -9999 -9999 -9999 481.403 480.156 480.052 480.379 481.192 482.088 481.98 485.953 490.374 489.386 486.423 483.944 484.265 485.032 487.426 491.182 495.627 495.454 495.844 495.821 496.07 496.811 497.223 497.552 498.17 498.783 499.552 500.608 501.522 501.869 502.205 502.614 502.956 503.358 503.576 503.918 503.909 503.768 503.87 504.238 504.307 504.555 504.559 504.178 503.746 503.554 503.131 502.194 501.095 499.952 498.899 497.905 497.873 498.245 498.309 498.351 498.628 498.261 498.325 498.83 499.934 500.051 499.052
-9999 -9999 -9999 480.633 480.579 480.424 479.505 479.053 478.937 480.267 482.21 480.923 482.717 485.892 486.317 484.56 483.774 483.683 484.042 486.653 490.118 494.323 494.099 494.396 494.845 495.176 495.822 496.138 496.519 497.251 497.819 498.372 498.835 499.494 500.093 500.688 500.886 501.062 501.726 502.182 502.31 502.072 501.809 502.107 502.41 502.614 502.957 503.232 502.844 502.478 502.345 501.873 500.749 499.033 497.571 496.459 496.2 496.382 497.01 497.52 497.724 497.985 497.524 497.919 498.777 499.524 499.146 497.933
