LandslideSimulationTutorial/IO/input/mesh/DEM.txt
ncols    269
nrows    300
xllcorner    187326
yllcorner    2.97528e+06
cellsize    2
NODATA_value    -9999
[rows 150 to 179 of 300, columns 0 to 67 of 269]
-9999 -9999 -9999 -9999 -9999 -9999 -9999 -9999 -9999 -9999 -9999 -9999 -9999 -9999 -9999 -9999 -9999 -9999 -9999 -9999 -9999 -9999 -9999 -9999 -9999 -9999 -9999 -9999 358.313 358.396 358.433 358.463 358.463 358.471 358.43 358.323 358.052 357.725 357.433 356.586 355.969 356.265 355.887 356.578 358.438 359.739 360.726 360.078 358.937 358.57 358.485 358.28 358.049 358.482 359.529 360.877 361.365 361.292 361.009 359.726 355.536 349.003 347.379 356.076 363.979 361.432 355.754 354.267
-9999 -9999 -9999 -9999 -9999 -9999 -9999 -9999 -9999 -9999 -9999 -9999 -9999 -9999 -9999 -9999 -9999 -9999 -9999 -9999 -9999 -9999 -9999 -9999 -9999 -9999 -9999 358.089 358.064 358.076 358.143 358.221 358.166 358.029 357.802 357.665 357.404 357.084 356.935 356.344 355.444 355.23 355.263 355.886 358.263 359.939 361.283 360.513 358.691 357.864 357.119 355.54 353.107 352.806 354.297 355.848 356.775 357.24 357.406 356.587 353.053 347.332 346.45 355.033 362.127 358.726 354.662 354.358
-9999 -9999 -9999 -9999 -9999 -9999 -9999 -9999 -9999 -9999 -9999 -9999 -9999 -9999 -9999 -9999 -9999 -9999 -9999 -9999 -9999 -9999 -9999 -9999 -9999 -9999 357.618 357.626 357.651 357.409 357.331 357.342 357.357 357.265 357.187 357.144 357.035 356.481 355.755 355.087 354.682 354.638 354.97 355.324 357.75 360.316 361.598 360.628 358.199 357.287 356.164 353.886 350.65 349.659 350.791 352.267 353.011 353.708 354.648 354.147 351.396 346.991 345.933 353.157 359.49 358.247 355.919 355.238
-9999 -9999 -9999 -9999 -9999 -9999 -9999 -9999 -9999 -9999 -9999 -9999 -9999 -9999 -9999 -9999 -9999 -9999 -9999 -9999 -9999 -9999 -9999 -9999 -9999 -9999 357.026 357.164 357.405 357.252 356.824 356.602 356.588 356.534 356.345 356.167 356.124 355.559 354.801 354.479 354.267 354.492 354.845 354.992 357.229 360.562 361.942 360.56 357.57 357.021 355.804 353.249 349.451 348.234 349.103 350.241 351.157 351.469 353.27 352.704 350.575 347.27 345.928 351.912 357.961 358.514 357.326 356.192
-9999 -9999 -9999 -9999 -9999 -9999 -9999 -9999 -9999 -9999 -9999 -9999 -9999 -9999 -9999 -9999 -9999 -9999 -9999 -9999 -9999 -9999 -9999 -9999 -9999 356.195 356.829 356.935 357.005 357.043 356.585 356.156 355.769 355.52 355.314 355.024 354.859 354.607 354.249 353.976 353.917 353.883 353.853 353.979 356.131 360.537 361.516 358.776 357.502 357.271 356.221 353.574 348.76 347.33 348.745 349.504 351.84 353.168 353.54 353.029 351.854 348.792 346.351 351.722 358.004 359.177 356.547 354.874
-9999 -9999 -9999 -9999 -9999 -9999 -9999 -9999 -9999 -9999 -9999 -9999 -9999 -9999 -9999 -9999 -9999 -9999 -9999 -9999 -9999 -9999 -9999 -9999 356.759 355.192 356.13 356.572 356.576 356.454 355.938 355.671 355.276 355.051 354.803 354.544 354.279 353.96 353.611 353.303 353.212 353.182 353.064 353.054 354.133 359.492 361.324 358.305 357.732 357.8 357.13 355.002 351.551 349.427 349.016 349.31 350.922 352.606 353.216 354.344 354.792 350.523 347.3 353.62 356.871 355.531 353.483 352.943
-9999 -9999 -9999 -9999 -9999 -9999 -9999 -9999 -9999 -9999 -9999 -9999 -9999 -9999 -9999 -9999 -9999 -9999 -9999 -9999 -9999 -9999 -9999 358.312 357.458 356.244 355.983 356.103 356.184 356.191 355.745 355.207 354.889 354.619 354.271 353.951 353.697 353.401 353.166 352.984 352.818 352.702 352.464 352.489 353.274 358.067 361.839 359.578 358.28 358.21 357.699 355.68 352.634 350.262 349.187 349.128 349.933 350.925 351.242 351.941 353.21 349.718 349.754 354.009 353.012 349.51 349.722 350.634
-9999 -9999 -9999 -9999 -9999 -9999 -9999 -9999 -9999 -9999 -9999 -9999 -9999 -9999 -9999 -9999 -9999 -9999 -9999 -9999 -9999 -9999 359.336 358.61 357.75 356.809 356.164 355.934 355.87 356.425 356.391 354.906 354.621 354.269 353.901 353.613 353.406 353.13 352.838 352.734 352.484 352.042 351.824 352.092 352.908 355.978 360.526 358.233 358.177 358.192 357.517 355.482 352.477 350.102 348.979 348.92 348.959 349.058 349.338 349.164 348.097 345.547 344.087 345.104 345.712 345.489 346.749 348.174
-9999 -9999 -9999 -9999 -9999 -9999 -9999 -9999 -9999 -9999 -9999 -9999 -9999 -9999 -9999 -9999 -9999 -9999 -9999 -9999 -9999 -9999 359.543 358.744 357.838 356.874 356.117 355.66 355.497 356.743 356.487 354.586 354.35 354.032 353.429 353.061 353.054 352.906 352.581 351.981 351.607 351.142 351.293 351.606 352.659 356.313 358.829 356.747 357.535 357.394 356.733 354.962 352.057 349.672 348.001 347.533 347.752 347.813 347.781 347.787 346.563 344.639 343.18 343.19 343.898 344.379 345.261 346.737
-9999 -9999 -9999 -9999 -9999 -9999 -9999 -9999 -9999 -9999 -9999 -9999 -9999 -9999 -9999 -9999 -9999 -9999 -9999 -9999 -9999 360.395 359.644 358.791 357.802 356.719 355.776 355.058 354.717 356.024 355.968 354.039 353.901 353.532 352.891 352.485 352.572 352.726 352.471 351.059 349.978 349.939 350.494 350.668 352.656 357.595 357.899 355.099 356.538 356.63 356.13 354.473 351.566 349.326 347.807 347.017 347.943 346.686 346.504 346.269 345.516 344.246 343.043 342.55 343.078 343.732 344.53 345.648
-9999 -9999 -9999 -9999 -9999 -9999 -9999 -9999 -9999 -9999 -9999 -9999 -9999 -9999 -9999 -9999 -9999 -9999 -9999 -9999 361.063 360.391 359.666 358.875 357.835 356.563 355.38 354.407 353.787 354.181 354.203 353.029 352.895 352.855 352.588 352.085 351.836 352.371 352.336 350.638 349.257 349.586 350.175 351.05 353.228 357.433 357.194 355.035 354.428 354.86 355.254 353.73 350.826 348.9 350.39 350.028 350.358 345.168 344.891 344.299 343.882 343.905 342.724 341.667 342.064 342.89 343.817 344.866
-9999 -9999 -9999 -9999 -9999 -9999 -9999 -9999 -9999 -9999 -9999 -9999 -9999 -9999 -9999 -9999 -9999 -9999 -9999 -9999 361.662 360.323 359.625 359.092 358.085 356.567 355.111 353.926 352.913 352.274 352.204 352.024 351.827 351.952 351.909 351.386 350.915 351.457 351.423 350.36 348.974 349.508 350.551 352.16 353.498 354.518 354.827 354.585 353.355 353.216 353.676 352.437 349.676 347.476 346.51 344.431 344.287 343.624 342.76 340.595 339.822 340.686 340.218 339.61 340.816 341.727 342.91 344.015
-9999 -9999 -9999 -9999 -9999 -9999 -9999 -9999 -9999 -9999 -9999 -9999 -9999 -9999 -9999 -9999 -9999 -9999 -9999 363.533 361.195 359.777 359.447 359.395 358.474 356.693 355.053 353.9 352.616 351.281 350.908 348.969 348.583 349.217 349.737 349.451 349.471 349.916 349.355 348.367 348.122 349.096 351.512 352.807 353.592 353.761 353.619 353.222 352.648 352.554 352.533 350.965 348.129 345.521 343.091 342.351 342.285 341.483 340.096 337.962 337.512 337.285 337.556 338.512 340.012 341.237 342.574 343.509
-9999 -9999 -9999 -9999 -9999 -9999 -9999 -9999 -9999 -9999 -9999 -9999 -9999 -9999 -9999 -9999 -9999 -9999 361.449 359.604 354.263 357.716 359.119 359.733 358.851 356.87 355.347 355.067 353.872 351.584 347.637 329.845 338.987 346.004 346.819 347.548 348.156 348.529 347.594 346.483 346.992 349.133 351.439 352.453 352.816 352.983 353.047 352.685 352.015 351.934 352.001 350.173 346.391 343.252 341.444 341.057 340.715 339.892 338.582 337.088 336.98 336.813 336.996 337.84 339.263 340.975 341.831 341.9
-9999 -9999 -9999 -9999 -9999 -9999 -9999 -9999 -9999 -9999 -9999 -9999 -9999 -9999 -9999 -9999 -9999 360.812 361.366 354.142 353.187 355.134 357.867 360.175 359.006 356.833 355.639 356.808 356.853 351.747 343.319 332.838 339.98 345.297 346.284 347.095 347.312 346.981 346.319 345.549 346.251 349.785 351.128 351.916 352.29 352.6 352.899 352.684 351.879 351.325 350.877 349.326 344.222 340.49 339.629 339.727 339.704 339.045 338.063 336.788 336.544 336.348 336.567 336.845 337.469 338.837 339.217 339.462
-9999 -9999 -9999 -9999 -9999 -9999 -9999 -9999 -9999 -9999 -9999 -9999 -9999 -9999 -9999 -9999 -9999 359.873 361.255 359.907 359.64 355.639 355.555 361.16 358.371 355.987 355.093 355.399 358.401 354.958 347.618 346.754 344.177 344.618 345.862 346.813 346.877 346.22 345.131 344.866 346.167 349.058 349.851 351.087 351.698 351.693 352.037 351.884 351.379 350.387 349.087 346.806 341.645 339.071 338.355 338.178 338.451 338.029 337.456 336.506 336.137 336.033 336.201 336.14 335.747 335.902 336.427 337.62
-9999 -9999 -9999 -9999 -9999 -9999 -9999 -9999 -9999 -9999 -9999 -9999 -9999 -9999 -9999 -9999 356.451 357.51 357.851 356.598 353.023 351.031 358.028 359.404 355.899 354.322 353.94 352.999 354.675 355.985 348.65 344.759 343.384 344.342 345.524 346.623 346.609 345.74 344.814 344.122 343.984 345.187 347.529 349.889 350.813 350.345 350.281 350.234 350.559 349.962 348.587 345.558 340.767 338.207 337.076 336.039 336.617 336.956 336.512 335.87 335.426 335.434 335.533 335.445 334.535 333.916 333.996 334.966
-9999 -9999 -9999 -9999 -9999 -9999 -9999 -9999 -9999 -9999 -9999 -9999 -9999 -9999 -9999 353.707 354.882 355.1 354.163 351.069 347.943 344.177 348.372 353.194 352.93 351.8 351.143 351.073 350.928 349.184 346.135 342.821 341.672 343.415 344.881 346.359 346.231 344.692 343.882 342.817 341.425 340.142 341.87 347.189 348.747 347.833 347.511 347.469 348.459 348.878 348.181 345.447 340.819 336.32 335.024 334.473 334.903 335.441 335.22 334.83 334.53 334.328 334.637 334.478 333.321 332.192 331.671 331.755
-9999 -9999 -9999 -9999 -9999 -9999 -9999 -9999 -9999 -9999 -9999 -9999 -9999 -9999 351.979 351.926 351.752 351.237 350.091 348.847 346.632 343.971 344.986 348.477 350.405 349.594 349.402 349.235 347.835 345.837 344.61 341.999 341.129 342.125 343.456 344.38 343.913 342.905 342.226 341.567 340.479 338.272 338.905 343.684 345.362 344.916 345.489 346.135 347.149 348.106 348.165 347.027 343.493 335.082 333.143 333.628 333.963 333.85 333.296 333.579 334.381 333.524 333.513 333.592 332.767 331.791 330.846 330.477
-9999 -9999 -9999 -9999 -9999 -9999 -9999 -9999 -9999 -9999 -9999 -9999 -9999 350.629 350.682 349.81 347.666 347.353 347.474 347.21 345.887 344.431 344.706 345.97 347.552 348.068 347.868 346.448 344.6 343.573 342.125 340.282 340.941 341.945 342.397 342.276 342.06 341.628 340.941 340.521 339.97 338.75 339.455 342.2 343.836 344.229 344.908 345.868 346.828 347.654 348.171 348.328 345.385 335.012 332.434 332.998 333.187 332.91 332.041 332.575 334.651 333.308 332.355 332.449 332.264 331.768 330.838 330.094
-9999 -9999 -9999 -9999 -9999 -9999 -9999 -9999 -9999 -9999 -9999 -9999 -9999 349.721 349.598 348.561 346.163 345.997 345.946 345.453 345.012 344.961 344.841 344.985 344.837 345.097 344.138 342.786 341.018 340.429 338.124 337.162 339.417 341.624 341.505 340.897 340.481 340.296 339.989 339.532 339.637 339.617 340.305 341.695 342.848 343.502 344.291 345.629 346.75 346.672 346.207 345.559 341.874 334.695 331.883 332.021 331.812 331.558 329.755 329.62 332.482 331.849 330.824 331.416 331.906 331.737 330.941 329.8
-9999 -9999 -9999 -9999 -9999 -9999 -9999 -9999 -9999 -9999 -9999 -9999 348.561 348.772 348.616 347.878 346.493 346.125 345.3 344.139 343.676 344.62 345.829 344.635 342.69 341.836 340.475 339.538 338.797 337.773 336.377 336.293 338.041 340.391 340.107 338.821 338.044 338.115 338.333 338.737 339.373 340.024 340.785 341.14 341.559 342.1 342.989 344.579 346.414 345.746 342.639 339.456 335.834 332.413 331.049 330.872 330.602 330.113 326.137 325.233 327.3 329.045 329.139 329.819 331.243 331.525 330.87 329.451
-9999 -9999 -9999 -9999 -9999 -9999 -9999 -9999 -9999 -9999 -9999 347.303 347.606 347.79 347.677 347.294 346.826 346.561 345.363 343.631 342.855 343.868 346.091 344.911 343.245 340.862 338.654 337.376 336.72 335.82 335.159 335.512 336.643 337.736 337.871 336.573 335.346 335.053 336.321 337.739 338.981 340.241 341.349 340.501 339.974 340.22 340.873 341.976 343.631 343.327 339.592 336.259 333.073 330.881 329.601 328.976 329.286 329.001 325.636 324.007 324.469 326.65 327.566 327.158 328.547 329.545 329.27 327.567
-9999 -9999 -9999 -9999 -9999 -9999 -9999 -9999 -9999 -9999 345.914 346.339 346.59 346.769 346.73 346.612 346.598 346.637 345.531 343.74 343.009 342.772 343.826 343.543 343.074 340.533 338.501 337.473 336.211 334.676 334.234 334.987 335.788 336.419 336.571 335.425 332.35 329.847 332.157 335.776 338.254 340.014 340.925 339.311 338.171 338.049 338.278 338.648 338.881 338.149 336.096 333.723 331.152 328.999 327.002 326.208 327.545 327.529 325.322 323.719 323.359 323.697 324.103 323.586 323.208 322.33 322.28 322.307
-9999 -9999 -9999 -9999 -9999 -9999 -9999 -9999 -9999 -9999 345.05 345.4 345.605 345.78 345.779 345.732 345.752 345.381 344.178 343.012 342.059 341.25 342.011 342.126 341.411 339.65 338.417 337.492 335.833 333.897 333.099 334.449 335.373 335.326 334.278 331.674 329.176 327.154 328.6 331.85 335.44 338.312 339.184 337.723 336.471 336.121 336.079 336.017 335.695 334.858 333.474 331.629 329.455 327.466 325.956 325.23 325.357 325.703 324.377 322.76 322.906 323.021 322.809 322.593 321.302 319.488 319.713 320.533
-9999 -9999 -9999 -9999 -9999 -9999 -9999 -9999 -9999 343.82 344.195 344.476 344.641 344.808 344.811 344.672 344.48 343.827 342.539 341.143 339.979 340.02 340.386 339.703 339.78 340.191 338.936 336.76 334.466 332.007 330.955 332.397 332.313 332.755 332.589 329.151 326.565 325.964 326.586 329.089 334.651 337.423 338.778 336.672 334.926 334.542 334.445 334.252 333.807 332.966 331.679 329.971 327.93 325.983 324.421 323.463 322.99 323.073 322.417 321.439 322.126 322.537 322.324 321.69 320.056 318.606 318.675 319.183
-9999 -9999 -9999 -9999 -9999 -9999 -9999 -9999 342.679 343.051 343.35 343.571 343.699 343.858 343.864 343.657 343.326 342.623 341.46 340.297 339.723 339.686 338.984 337.126 337.74 339.29 337.323 334.241 331.862 328.798 326.782 327.574 326.176 326.063 327.539 326.772 325.449 324.917 325.401 326.485 331.94 336.634 338.372 335.591 333.552 333.47 333.518 333.267 332.689 331.795 330.524 328.847 326.834 324.879 323.14 321.13 320.693 320.161 319.598 319.802 320.677 321.305 321.072 320.458 319.281 318.388 318.154 318.363
-9999 -9999 -9999 -9999 -9999 -9999 -9999 -9999 342.002 342.297 342.531 342.701 342.796 342.947 342.968 342.778 342.474 341.924 341.094 340.297 339.795 339.363 338.324 336.631 335.371 334.101 331.754 329.736 328.135 325.763 324.194 324.35 323.877 323.123 324.127 324.368 323.512 323.305 324.534 325.32 326.765 330.431 333.536 332.803 332.322 332.9 333.295 333.001 332.193 331.206 329.934 328.255 326.23 324.287 322.59 320.764 319.3 318.586 318.385 318.469 319.002 319.915 320.049 319.549 318.318 317.671 317.452 317.898
-9999 -9999 -9999 -9999 -9999 -9999 -9999 341.025 341.307 341.534 341.713 341.839 341.906 342.047 342.085 341.939 341.713 341.344 340.812 340.214 339.612 338.888 337.765 336.086 333.4 329.849 326.857 325.701 325.525 324.621 323.417 323.131 323.189 322.586 322.86 322.588 322.035 322.37 323.774 324.47 325.254 327.05 329.327 330.197 331.108 332.249 333.222 333.087 331.92 330.825 329.492 327.766 325.714 323.78 322.153 320.637 318.892 317.838 317.804 317.793 317.829 318.331 318.542 317.695 316.097 315.726 315.412 316.731
-9999 -9999 -9999 -9999 -9999 -9999 340.17 340.396 340.614 340.788 340.922 341.012 341.056 341.187 341.235 341.122 340.95 340.67 340.262 339.738 339.087 338.23 336.972 335.186 332.417 328.832 325.905 324.709 324.453 323.888 322.775 322.234 322.075 321.72 321.721 321.236 321.169 322.296 323.24 324.155 324.497 325.814 328.518 329.593 330.048 331.366 332.433 333.005 331.73 330.463 328.976 327.161 325.083 323.14 321.495 319.915 318.292 317.181 317.254 317.352 316.955 316.48 315.96 314.87 313.712 313.642 313.444 314.656
