LandslideSimulationTutorial/IO/input/mesh/DEM.txt
ncols    269
nrows    300
xllcorner    187326
yllcorner    2.97528e+06
cellsize    2
NODATA_value    -9999
[rows 60 to 89 of 300, columns 68 to 135 of 269]
-9999 -9999 -9999 -9999 -9999 -9999 -9999 -9999 -9999 -9999 -9999 -9999 -9999 -9999 -9999 -9999 -9999 -9999 -9999 -9999 -9999 -9999 -9999 -9999 -9999 -9999 -9999 -9999 409.613 410.016 409.717 408.914 408.879 409.212 410.102 410.638 410.209 412.991 416.236 417.335 417.712 420.012 421.563 423.631 425.229 426.131 427.215 429.633 432.752 434.238 435.877 436.652 437.272 437.92 438.504 439.369 440.482 441.705 443.648 445.057 447.716 451.982 454.508 455.885 456.196 456.289 456.839 459.653
-9999 -9999 -9999 -9999 -9999 -9999 -9999 -9999 -9999 -9999 -9999 -9999 -9999 -9999 -9999 -9999 -9999 -9999 -9999 -9999 -9999 -9999 -9999 -9999 -9999 -9999 -9999 409.598 407.667 407.411 407.776 407.709 407.549 408.111 409.007 409.503 409.656 413.885 416.32 416.866 417.472 419.406 421.367 423.542 424.91 425.822 426.695 429.246 432.455 433.792 435.379 436.057 436.6 437.288 438.103 439.078 440.1 441.305 442.956 444.256 446.354 449.991 452.358 453.858 454.609 454.925 455.348 458.133
-9999 -9999 -9999 -9999 -9999 -9999 -9999 -9999 -9999 -9999 -9999 -9999 -9999 -9999 -9999 -9999 -9999 -9999 -9999 -9999 -9999 -9999 -9999 -9999 -9999 -9999 411.604 408.648 406.231 405.851 407.005 406.986 406.754 406.957 407.676 408.537 409.553 414.408 415.965 415.529 416.724 418.799 421.32 423.746 424.464 425.387 426.453 428.551 431.799 433.446 434.89 435.44 435.779 436.564 437.587 438.622 439.629 440.76 442.094 443.289 444.938 446.705 448.085 449.443 451.655 453.551 454.197 456.639
-9999 -9999 -9999 -9999 -9999 -9999 -9999 -9999 -9999 -9999 -9999 -9999 -9999 -9999 -9999 -9999 -9999 -9999 -9999 -9999 -9999 -9999 -9999 -9999 -9999 -9999 410.898 406.978 404.961 405.273 406.806 406.443 405.864 406.002 406.728 407.563 409.556 413.763 415.543 415.015 416.555 418.561 421.078 423.45 424.005 424.761 426.016 427.863 430.679 432.925 434.499 434.818 435.028 435.553 436.479 438.046 439.278 440.34 441.396 442.554 443.945 445.017 445.857 446.704 448.103 451.042 452.603 454.765
-9999 -9999 -9999 -9999 -9999 -9999 -9999 -9999 -9999 -9999 -9999 -9999 -9999 -9999 -9999 -9999 -9999 -9999 -9999 -9999 -9999 -9999 -9999 -9999 -9999 412.375 408.917 405.007 403.811 405.333 406.535 406.105 405.288 405.355 406.01 406.937 410.287 413.226 414.298 413.74 415.728 418.116 419.789 422.587 423.629 424.238 425.4 426.948 429.499 432.333 434.018 434.173 434.123 434.358 434.917 436.411 438.623 439.821 440.748 441.891 443.223 444.163 444.68 445.193 445.862 447.498 449.415 451.763
-9999 -9999 -9999 -9999 -9999 -9999 -9999 -9999 -9999 -9999 -9999 -9999 -9999 -9999 -9999 -9999 -9999 -9999 -9999 -9999 -9999 -9999 -9999 -9999 411.574 409.67 405.641 403.862 403.464 404.983 405.973 405.763 405.031 405.035 405.721 407.041 410.104 412.509 413.186 414.021 415.818 417.627 419.617 422.325 423.057 423.825 424.788 426.144 428.544 431.802 433.61 433.735 433.365 433.32 433.961 434.76 436.306 437.907 439.956 441.275 442.718 443.474 443.727 443.869 444.628 445.695 446.706 449.763
-9999 -9999 -9999 -9999 -9999 -9999 -9999 -9999 -9999 -9999 -9999 -9999 -9999 -9999 -9999 -9999 -9999 -9999 -9999 -9999 -9999 -9999 -9999 410.187 408.08 404.238 403.486 403.333 403.012 404.298 405.541 405.437 404.976 404.952 405.596 407.643 410.719 412.493 412.682 412.766 414.932 417.169 418.57 420.401 422.109 423.432 424.361 425.397 427.386 430.892 432.927 433.096 432.766 432.561 433.097 433.646 434.585 435.517 438.115 440.409 442.018 442.721 442.674 442.684 443.537 444.791 445.837 447.987
-9999 -9999 -9999 -9999 -9999 -9999 -9999 -9999 -9999 -9999 -9999 -9999 -9999 -9999 -9999 -9999 -9999 -9999 -9999 -9999 -9999 -9999 -9999 408.843 406.056 403.311 403.296 403.093 402.458 403.287 404.725 405.108 405.035 405.221 406.238 408.877 411.879 412.984 413.319 413.462 414.221 416.399 418.256 419.823 421.706 422.978 423.852 424.737 426.394 428.994 431.714 432.099 432.081 431.881 432.243 432.768 433.522 434.39 435.78 438.414 440.934 441.753 441.594 441.645 442.454 443.589 445.142 446.485
-9999 -9999 -9999 -9999 -9999 -9999 -9999 -9999 -9999 -9999 -9999 -9999 -9999 -9999 -9999 -9999 -9999 -9999 -9999 -9999 -9999 -9999 408.603 407.515 404.906 403.279 402.987 402.418 401.4 402.159 403.72 404.71 405.213 406.381 408.254 410.417 412.108 413.244 413.798 413.98 414.492 416.405 418.5 419.818 421.349 422.499 423.205 424.043 425.596 427.215 429.264 430.551 430.779 430.705 431.26 431.866 432.63 433.497 434.512 435.925 438.211 439.649 440.053 440.345 441.533 442.826 444.301 445.569
-9999 -9999 -9999 -9999 -9999 -9999 -9999 -9999 -9999 -9999 -9999 -9999 -9999 -9999 -9999 -9999 -9999 -9999 -9999 -9999 -9999 406.122 407.218 405.665 404.052 403 402.515 401.111 399.834 401.458 403.125 404.464 405.389 407.089 409.162 410.382 411.829 413.528 413.319 413.704 414.471 416.53 418.586 419.551 420.683 422.052 422.551 423.434 424.858 426.159 427.532 428.742 429.103 429.356 430.054 430.854 431.656 432.57 433.627 434.453 435.914 437.522 438.424 439.306 440.732 442.298 443.559 444.758
-9999 -9999 -9999 -9999 -9999 -9999 -9999 -9999 -9999 -9999 -9999 -9999 -9999 -9999 -9999 -9999 -9999 -9999 -9999 -9999 400.202 401.931 403.434 403.647 403.338 402.659 402.081 400.06 398.521 400.292 402.137 403.988 405.303 407.221 408.834 410.165 411.966 413.67 412.972 413.159 413.968 416.082 417.818 418.864 419.987 421.323 421.927 422.813 424.056 425.289 426.423 427.326 427.834 428.394 429.051 429.833 430.65 431.594 432.881 433.643 434.669 436.316 437.27 438.564 439.948 441.7 442.997 444.153
-9999 -9999 -9999 -9999 -9999 -9999 -9999 -9999 -9999 -9999 -9999 -9999 -9999 -9999 -9999 -9999 -9999 -9999 -9999 398.348 398.377 398.765 400.533 402.128 402.466 401.938 401.138 398.597 397.429 399.111 401.405 403.635 405.194 406.948 408.483 409.844 411.547 413.166 413.108 413.312 413.779 416.008 417.368 418.214 419.348 420.781 421.476 422.092 423.255 424.428 425.486 426.239 426.812 427.362 427.95 428.784 429.64 430.382 431.865 433.03 433.51 434.938 436.377 438.005 439.352 441.036 442.587 443.503
-9999 -9999 -9999 -9999 -9999 -9999 -9999 -9999 -9999 -9999 -9999 -9999 -9999 -9999 -9999 -9999 -9999 -9999 -9999 397.022 396.942 397.367 398.875 400.619 401.131 400.622 399.196 397.072 396.633 397.796 400.473 402.722 404.679 406.47 407.997 409.314 410.724 412.302 413.111 414.311 416.044 416.229 416.73 417.665 419.01 420.11 420.852 421.241 421.947 423.365 424.633 425.438 425.924 426.36 426.965 427.922 428.797 429.335 430.355 431.659 432.44 433.222 435.096 437.276 438.558 439.922 441.87 442.769
-9999 -9999 -9999 -9999 -9999 -9999 -9999 -9999 -9999 -9999 -9999 -9999 -9999 -9999 -9999 -9999 -9999 -9999 395.947 395.876 395.992 396.312 397.108 398.172 398.18 397.371 396.614 395.621 395.512 396.988 399.623 401.738 403.987 406.006 407.477 408.644 410.192 411.572 412.695 414.053 415.614 415.813 415.943 417.058 418.773 419.375 420.056 420.341 420.421 421.744 423.662 424.652 424.946 425.237 425.842 426.998 427.987 428.528 429.291 430.411 431.246 432.003 433.401 435.77 437.539 438.875 440.151 441.019
-9999 -9999 -9999 -9999 -9999 -9999 -9999 -9999 -9999 -9999 -9999 -9999 -9999 -9999 -9999 -9999 -9999 394.373 394.892 394.986 395.186 395.603 395.626 395.524 395.882 395.199 394.999 394.23 394.427 396.22 398.798 401.005 403.235 405.308 406.855 408.126 409.658 411.125 412.02 413.166 414.483 414.997 415.348 416.514 418.352 418.473 419.187 419.557 419.459 420.087 422.674 423.987 424.298 424.301 424.818 426.076 427.149 427.828 428.469 429.623 430.689 431.449 432.136 433.638 435.229 436.58 437.915 438.786
-9999 -9999 -9999 -9999 -9999 -9999 -9999 -9999 -9999 -9999 -9999 -9999 -9999 -9999 -9999 -9999 -9999 393.455 393.891 394.282 394.437 394.48 394.285 394.137 394.526 394.387 394.026 393.358 393.494 395.237 397.701 400.758 402.479 404.406 405.903 407.576 409.008 410.375 411.254 412.486 413.521 414.093 414.663 415.684 416.933 417.6 418.291 418.788 418.757 419.416 422.051 423.419 423.661 423.575 423.939 425.04 426.293 427.029 427.503 428.605 430.192 431.178 431.65 432.419 433.793 434.717 435.446 436.451
-9999 -9999 -9999 -9999 -9999 -9999 -9999 -9999 -9999 -9999 -9999 -9999 -9999 -9999 -9999 -9999 392.488 392.652 392.331 393.196 393.642 393.473 393.393 393.442 393.718 393.92 393.489 392.862 392.895 394.425 396.816 400.327 401.963 403.479 404.982 406.819 408.362 409.577 410.79 412.128 413.116 413.335 414.107 414.975 415.701 416.699 417.532 417.788 418.039 418.889 421.47 422.985 423.003 422.755 422.904 423.88 425.223 426.088 426.385 427.18 429.296 430.697 431.15 431.484 432.732 433.846 434.513 435.156
-9999 -9999 -9999 -9999 -9999 -9999 -9999 -9999 -9999 -9999 -9999 -9999 -9999 -9999 -9999 392.156 392.162 392.115 391.375 391.866 392.837 392.804 392.844 392.991 393.386 393.443 392.875 392.504 392.657 393.558 395.656 398.894 401.221 402.565 404.325 406.033 407.455 408.728 410.148 411.565 412.648 412.996 413.933 414.482 414.805 415.683 416.639 416.865 417.266 418.445 421.248 422.657 422.297 421.806 421.814 422.623 423.912 425.087 425.369 425.782 428.139 429.795 430.33 430.61 431.748 433.126 433.537 433.722
-9999 -9999 -9999 -9999 -9999 -9999 -9999 -9999 -9999 -9999 -9999 -9999 -9999 -9999 392.769 392.282 392.101 391.935 391.433 391.513 392.146 392.282 392.398 392.597 393.143 393.083 392.458 392.144 392.313 393.107 394.855 398.843 400.619 401.751 403.978 405.414 406.532 407.81 409.107 410.319 411.747 412.848 413.571 413.791 413.889 414.59 415.505 415.775 415.986 417.477 420.968 422.229 421.552 420.992 420.903 421.345 422.388 423.567 424.267 424.98 426.457 427.953 428.838 429.434 430.655 432.033 432.053 432.186
-9999 -9999 -9999 -9999 -9999 -9999 -9999 -9999 -9999 -9999 -9999 -9999 -9999 391.968 392.398 392.229 392.071 391.746 391.247 391.293 391.968 392.054 391.945 392.207 392.715 392.669 392.245 391.952 392.086 392.749 395.156 399.703 400.06 400.616 403.059 404.358 405.237 406.759 407.889 408.917 410.447 412.731 413.241 413.12 413.206 413.651 414.462 414.521 414.735 416.01 419.987 421.272 420.432 419.881 419.764 420.083 420.85 421.788 423.091 424.212 424.83 425.375 426.691 428.007 429.272 430.265 430.078 430.45
-9999 -9999 -9999 -9999 -9999 -9999 -9999 -9999 -9999 -9999 -9999 -9999 -9999 391.532 391.916 392.116 391.899 391.401 390.841 390.616 391.958 391.887 391.722 391.968 392.244 392.198 391.959 391.8 391.957 392.736 394.408 397.202 399.048 399.75 401.72 402.37 403.507 405.451 406.519 407.721 409.373 412.232 412.45 412.436 412.504 412.648 413.305 413.323 413.796 415.148 417.081 419.644 419.154 418.215 418.264 418.667 419.517 420.138 421.524 423.168 423.7 424.044 425.096 427.067 428.271 428.622 428.501 429.004
-9999 -9999 -9999 -9999 -9999 -9999 -9999 -9999 -9999 -9999 -9999 -9999 390.138 391.182 391.649 391.946 391.396 390.751 390.825 391.038 392.24 391.362 391.458 391.7 391.819 391.661 391.658 391.586 391.603 392.634 394.011 396.039 397.596 398.902 400.192 400.374 401.314 403.892 405.377 406.803 408.232 409.39 409.921 410.895 411.162 411.202 411.995 412.224 412.882 414.122 415.163 417.514 417.292 416.776 417.284 417.767 418.389 418.849 419.864 421.639 422.158 422.523 423.824 426.465 427.564 427.592 427.545 428.039
-9999 -9999 -9999 -9999 -9999 -9999 -9999 -9999 -9999 -9999 -9999 389.225 389.664 390.524 391.21 391.529 391.003 390.451 390.843 391.69 392.233 391.311 390.96 391.248 391.419 391.397 391.368 391.23 391.147 391.944 393.158 394.947 396.301 397.889 399.015 399.136 399.573 401.314 403.854 405.676 407.12 407.462 407.636 408.192 408.913 409.677 410.55 411.257 412.238 413.233 414.103 415.172 415.544 416.014 416.595 417.249 417.875 418.103 418.709 419.928 420.862 421.092 422.12 425.445 427.042 427.037 426.727 426.815
-9999 -9999 -9999 -9999 -9999 -9999 -9999 -9999 -9999 -9999 386.019 388.688 389.257 389.94 390.573 390.721 390.568 390.877 391.397 392.065 392.136 391.327 390.686 390.901 391.081 391.076 391.044 390.905 390.931 391.643 392.565 393.926 395.205 396.954 398.284 398.435 398.833 400.148 402.683 404.766 405.97 406.428 406.859 407.369 408.124 408.888 409.763 410.548 411.619 412.635 413.421 414.066 414.598 415.276 416.051 416.596 417.197 417.55 418.101 419.221 420.145 420.358 420.817 423.361 426.414 426.51 426.006 425.495
-9999 -9999 -9999 -9999 -9999 -9999 -9999 -9999 -9999 -9999 385.947 388.019 388.975 389.523 389.946 389.966 390.112 391.166 392.029 392.122 392.136 391.701 390.954 390.472 390.643 390.674 390.656 390.683 390.727 391.281 392.252 393.513 394.376 396.31 397.899 398.13 398.579 399.81 401.781 403.913 404.917 405.624 406.26 406.954 407.681 408.499 409.373 410.166 411.002 411.841 412.596 413.363 413.901 414.543 415.313 415.85 416.398 416.816 417.358 418.66 419.625 419.718 419.924 420.922 424.181 425.398 424.856 424.286
-9999 -9999 -9999 -9999 -9999 -9999 -9999 -9999 -9999 386.766 386.291 385.872 388.271 388.995 389.434 389.394 389.804 391.181 391.978 392.093 392.023 391.504 390.802 389.773 389.85 389.995 390.364 390.505 390.581 390.972 392.17 393.63 393.726 395.595 397.459 397.748 398.325 399.514 400.873 402.606 404.098 404.958 405.713 406.416 407.193 408.082 409.042 409.837 410.595 411.246 411.862 412.532 413.402 414.004 414.585 415.112 415.677 416.009 416.572 417.954 419.009 419.009 419.212 419.753 421.107 422.478 423.461 423.782
-9999 -9999 -9999 -9999 -9999 -9999 -9999 -9999 387.531 387.583 386.186 382.419 386.927 388.419 388.781 388.742 389.367 391.021 391.814 391.796 391.499 391.091 390.682 389.348 388.891 389.358 390.029 390.199 390.345 390.667 391.509 392.389 393.083 394.358 396.166 396.941 397.952 399.19 400.165 401.422 403.346 404.413 405.122 405.634 406.265 407.329 408.656 409.422 409.832 410.462 411.019 411.584 412.774 413.606 413.927 414.17 414.685 415.253 415.901 417.033 417.721 417.96 418.345 418.802 420.081 421.372 422.711 423.314
-9999 -9999 -9999 -9999 -9999 -9999 -9999 386.812 387.424 387.601 385.891 381.702 385.314 387.959 388.107 388.017 388.849 390.851 391.541 391.364 390.895 390.135 389.372 388.617 388.152 388.736 389.704 389.941 390.028 390.297 391.007 391.578 392.031 392.822 393.992 395.415 397.318 398.745 399.604 400.428 402.313 403.858 404.322 404.546 405.36 406.738 408.072 408.643 408.65 409.2 409.977 410.488 411.644 412.756 412.894 412.868 413.459 414.179 415.179 416.132 416.512 416.846 417.338 417.815 419.197 420.895 422.124 422.644
-9999 -9999 -9999 -9999 -9999 -9999 -9999 386.907 387.466 387.86 385.638 381.667 385.308 387.694 387.691 387.669 389.144 390.643 391.102 390.8 390.354 389.307 388.399 387.922 387.876 388.293 389.147 389.549 389.742 390.046 390.622 391.22 391.622 391.895 392.481 393.607 395.808 398.055 399.015 399.468 400.773 402.519 402.938 402.89 404.264 405.699 406.677 407.29 407.297 407.628 408.677 409.256 409.76 410.757 411.094 411.442 411.935 412.849 414.333 415.357 415.605 415.895 416.459 417.048 418.502 420.427 421.378 421.883
-9999 -9999 -9999 -9999 -9999 -9999 385.553 386.811 387.619 388.451 386.412 381.849 385.007 387.527 387.634 387.783 388.774 390.061 390.446 390.178 389.912 388.845 387.933 387.209 387.355 387.914 388.68 389.312 389.655 389.81 390.276 391.088 391.527 391.499 391.653 392.33 393.575 396.569 398.326 398.546 398.846 399.865 400.813 401.481 402.707 404.241 405.019 405.525 405.952 406.027 406.722 407.55 408.102 408.685 409.19 409.924 410.685 411.72 413.372 414.594 414.991 415.22 415.684 416.005 417.293 419.992 420.931 421.156
